828576
1523189
270290
140813
1044255
839037
930666
323518
1305348
528799
187932
705869
838455
1265700
128901
18795
587421
148757
1074301
348566
665198
1682464
240733
48774
66406
312963
293134
434683
349188
1094571
213270
322777
432091
741995
992056
684563
89907
1089412
1572205
212776
271053
44849
389637
321148
62952
580277
180144
585986
28103
311439
428892
37120
199283
1181475
183490
326625
733112
6145
507662
1131183
20013
579607
548481
328880
47696
798666
330791
806674
505357
18657
1531532
184908
544017
1685221
436981
981962
668335
678277
59006
113160
257047
762981
232312
1341346
1733075
133148
688593
235540
430506
2715
163513
306
507547
774520
224119
265283
223667
480724
406676
38919
