1063043
999533
946513
1121860
1332674
785414
1604272
327534
173209
931353
432841
1682482
811330
1039400
1019623
608668
626424
340679
805318
1290088
435624
1101505
1435139
1068197
1092072
903568
1488221
448367
946031
335640
1078202
573820
1105068
974841
515305
411686
444350
823816
713128
1598694
762232
227955
315148
406921
902005
112025
1099574
381202
591169
137091
1442910
347513
779584
1446481
554481
174561
1743660
325064
262104
159772
478193
240468
797982
1521419
602125
256578
135729
1766043
169866
1563554
443396
1167176
727309
17497
397239
533810
467407
564896
1254828
592961
500124
867840
824269
70116
1096349
1355975
1252970
793836
631312
806927
195119
101423
854527
1441703
655620
1230568
1188506
1629790
666191
738933
