1368208
1040739
344331
1098369
1264643
1596512
334544
1327434
1127483
948313
1504468
1305961
658768
249012
183302
927104
1000133
1199668
179726
234971
1630537
1077047
1498909
1370863
1626327
1356085
1656301
471020
551862
1182938
1482928
191712
843216
1106095
1301575
209076
1031098
1420607
944898
1327202
1686023
1159365
588381
1137085
1166275
1495807
1315443
1277073
1721425
1565286
210700
1696107
1737022
1477939
1096814
1494019
991487
1096908
1037337
1529382
892541
458769
32512
1415844
775652
1191945
97580
944243
1148340
871471
1236128
1441541
1675716
1165961
134236
1201660
1122161
1546268
916629
1204691
1597676
889678
457366
1422132
670305
1711088
1368818
1611460
916850
1525786
1619372
974729
342167
1326744
1526945
1390505
1420507
1424321
418564
105897
