593321
1683611
1294463
539881
839878
1723650
1486487
1656168
450119
1175711
731729
1495848
793058
517199
962611
479905
252195
1489139
558300
382241
1553805
617832
887920
291033
1742558
575207
1761952
733996
409935
327475
1503763
1214707
1579330
717354
1750906
1586445
1619734
110103
503223
1585969
1523585
755287
1603837
1505509
341603
1126497
1460938
985281
333093
1486828
1502878
1462105
638426
1489452
1127811
1634834
1519311
847233
1719696
508373
324808
1004201
950515
582445
854699
650359
1598042
167084
1659702
1380165
419872
1711464
1283769
1552578
1217021
1183822
1219411
489875
1499082
1111117
530122
1524978
1672696
1338231
963264
1355722
1501408
1024762
725728
1001063
1589457
535503
1366414
256117
96289
1570576
1714628
447559
429376
362573
