736978
844308
983372
1493930
1436048
661031
887512
1312536
1000000
1382427
1197584
1236974
899327
939787
723124
1103447
1175940
1034820
1517134
1210152
1466498
1179805
848700
1046805
491344
903569
357574
853945
750747
106209
808806
1147342
1673410
1610261
1436192
1580334
222786
1143758
1312487
283150
503029
1297673
1492036
43305
1011098
986878
405072
31889
1144279
1329712
28225
1119319
1307674
853053
972386
1018973
761473
1466498
1433800
1164017
974887
1002217
1096599
893878
1284389
513025
1288193
1325721
435163
1392423
862339
1195710
686173
1186548
1200679
1509151
1473454
720435
715099
1131022
260045
722645
1029999
800417
408522
1368136
598306
787483
793203
835930
1315540
1575272
1672243
772818
1283945
1346801
1694319
559914
1411635
912978
