23455
50205
21591
1516
47895
28570
29223
1533
414
9975
15724
2097
43931
57141
13813
5849
13419
24606
57718
23389
11219
23848
33365
33310
56029
12980
21672
34443
42189
4511
42165
3715
57637
2968
5361
42021
31570
33806
43565
31424
49428
61423
32744
29421
55455
51157
36997
4945
16383
31826
31664
28869
61563
5732
2748
53177
19314
24689
29109
516
32515
6578
4372
24780
11632
11881
5942
46976
51417
52472
16240
33984
50908
54059
4629
43242
42081
46507
49846
60680
15499
18487
23567
13331
24576
29838
3637
51364
61728
32909
52365
31849
46946
58617
767
60265
6054
6706
44222
61534
