462634
374459
296848
335128
123752
810628
735934
188823
790419
283841
35548
896038
26025
828624
390642
797725
725369
948264
233065
184193
899535
234475
103578
441988
16559
1299040
1380741
1131953
955082
1232527
30520
1052895
169113
1173825
1214654
1083659
382760
1322743
1210915
1473252
1113090
996855
1496421
399389
1169024
215416
1185997
179216
1462418
978375
1193408
793864
1171406
680445
769086
775387
1311997
813890
481871
889607
787607
1121450
1522594
571579
168355
274729
740641
881013
1269878
1237058
1131848
702330
1135093
639019
486777
1083001
896922
1230058
234537
771952
186676
820971
821506
696305
71745
588161
886736
999279
14136
1051480
934332
1230059
883664
1136526
1099114
7265
35765
45509
565587
927528
