1763346
369370
1514615
910039
1520736
1591320
1677845
319296
1566990
1068534
1742617
1028583
1548232
1631932
1343200
1402516
423461
450761
737347
651049
1267709
585599
990020
549503
272541
1642536
524802
1162639
1535225
1623561
1012807
166732
975976
93365
1550782
1037479
363623
1152623
1698401
1014295
305260
1489182
1546668
1459384
1140215
794960
1348091
1612207
1365544
1541803
939624
833503
644887
1151861
1246111
274182
488139
1729140
924693
1684033
1292807
259143
894536
1510828
1256609
1668878
1440062
140119
588478
1511817
1130374
1507575
315158
796202
1251845
1539106
674063
45085
122630
153461
384730
1221
478684
269850
35810
565295
1641455
946478
1030958
4801
336109
1278684
376211
649742
715046
1102403
611795
658012
639456
253223
