1568963
900991
479676
1357100
1415228
223803
1276940
1025699
795429
1321074
370612
1462916
1123044
1711403
744197
1628304
674753
294652
841105
24067
1256212
474499
634465
922044
1705057
353145
1666208
1581523
579089
1227484
1624622
818479
614987
715193
637184
1511721
165421
1382226
1026869
1168195
1217919
1495894
512415
156709
1222672
1353924
1462968
1666909
1524847
469087
1344785
1610216
1568717
1147613
1374694
1534940
253431
363472
956826
1612212
673915
1259412
1236408
41573
440296
771660
486379
1524850
1465602
1645134
1194673
1331426
1369256
316356
404551
1081188
536048
1309500
1693183
175653
12798
15393
1259807
158251
500757
282546
524731
1605938
282446
128282
88564
248007
80274
335596
1738652
699143
1446358
3806
1023922
162225
