1127095
881112
384387
916122
793487
395161
600951
565214
1209162
442862
834464
520302
1118904
1125734
220857
30864
785169
381719
892535
763117
1037992
419673
258486
1066939
752388
685391
1678368
314967
1397225
244077
222706
1660511
1359966
1746182
262680
1511755
1703914
1693733
1507917
1472586
1514839
614435
1588839
155076
228578
723509
1641912
336542
301254
492737
405643
1049958
299042
1042115
349035
40879
1428499
111963
1574156
1021060
598025
155228
1707746
1395588
822583
793578
424521
1039186
1435038
151715
200714
479095
658479
692634
1156244
188110
172016
11461
883017
785933
772807
20758
99850
100565
989729
1565915
1489641
34764
63215
303234
1369062
750578
275683
679839
542517
478009
302138
209610
1592621
1001122
