347215
1457039
1666544
1637715
1735367
1582009
1698062
1715993
1555222
1685169
832300
560537
359446
1640288
1756553
241968
799201
591790
225513
1710691
1746765
284904
538380
1702295
302609
1497129
761387
562054
1039565
1475692
742084
1527529
1496878
1571786
331533
1752773
295202
1407452
604420
486910
1622839
1445879
1236780
655239
802739
968538
447739
1034043
711387
74825
691670
1107819
1479630
295258
375289
364396
391182
615931
1716864
1546053
1314256
1625046
56904
651379
406062
1492508
1653632
1607625
891075
1677168
729544
1609064
1678498
346780
1689636
1083441
512641
835341
1455109
710208
80144
1330341
1240986
1284120
1210537
1691719
1722233
1685420
957171
537197
482280
803044
1615840
1559561
1495073
678933
1612554
1669706
1699351
1598415
