1094833
148136
1296199
538178
1253125
1427913
1265875
785609
456349
1254793
1048387
1233317
639193
1231190
985693
785257
1159950
484043
548760
1435772
1610649
342334
671887
1433797
775645
870861
1732898
880836
731742
1328305
937921
1229979
332021
1037969
942440
1104146
935388
1010673
795100
38888
497734
1694027
99580
914375
897617
1042569
1297191
850751
1032590
643833
1560650
1312116
762150
248383
1256842
1067161
757825
423614
146054
232238
1468675
746912
1274302
1254388
558614
442941
1607752
1016598
1459135
492211
1388462
431207
252845
1625167
1087790
1369812
1447304
1175211
1456432
705655
1231827
997833
1009095
1167183
1148926
688685
243488
688431
838196
255247
757128
1055454
1262474
1219767
1526065
1019411
461037
1085594
860506
389141
