147706
706047
118903
3822
29191
460912
1119419
950653
1171182
962827
48287
350331
99275
1120983
123874
1005605
45585
215644
801112
1119246
606378
733509
25883
912477
1161819
923766
25835
1207071
1099156
883331
158481
53892
418500
391239
59578
492794
1001478
212631
402261
1231020
1455470
519872
97350
375984
754680
724817
60990
1136253
1285340
1337147
1358933
83969
1373893
1447988
1396432
366038
748012
776390
1290934
1255876
708568
651771
953375
602680
1469692
1230664
1549
983091
674501
1302424
1117699
198612
65463
957540
850174
74605
771956
16749
1334172
135645
66796
92284
764857
41310
854918
16168
103208
565492
121501
56097
9321
5398
1145360
1125234
28977
574998
71970
251358
235834
38576
