322860
356486
99591
691786
493550
309064
1199979
325730
331091
388981
239635
1385024
1291155
46424
1543888
32695
861073
2671
847716
930158
238795
262250
358543
283038
264804
297557
404157
181607
453209
755461
44169
1561672
1757021
197275
1202
686617
541622
1502049
229521
168354
421504
263931
1383203
609613
1011925
36316
379357
71207
4730
411810
50023
339611
358829
473013
642796
646922
298223
564545
485148
554628
241590
1060
81783
384695
101944
1738297
195504
1674153
301856
358808
567408
727630
928369
401069
258267
872558
1251049
58659
980677
42814
691086
611871
16816
168580
1104379
589627
34048
104448
282148
115581
438962
1472234
82182
230806
768108
180725
446121
91942
803091
620451
