252253
556676
173012
930781
664129
501887
246723
987522
1494896
180084
609090
119994
1149516
163748
67204
638188
386533
9985
475316
482155
170348
550540
487720
1123789
700400
587171
1023551
1297454
1052924
677758
885113
1338411
840837
997719
792882
1133109
535557
1460870
1096682
783842
47230
1377171
1487223
19663
1483323
1517294
1257486
1218131
1363312
679498
83054
397703
1689294
884111
1455682
1414083
1329570
945184
1230889
150832
167363
1499863
373309
744036
363310
93918
508030
536687
509087
901095
820901
674036
103194
1307696
75461
371410
333575
275154
498349
126234
90532
176559
19364
323770
355584
703475
59582
483649
5487
476176
272776
18333
236201
303476
363659
65860
342366
215241
515726
194840
