1472774
303428
1144842
1230363
1026351
1521514
653167
1686015
279162
1688203
734636
360714
617767
1525636
859342
693053
569272
1183940
297750
554656
857895
1381693
1351998
509581
1251240
127732
1224589
1617358
1116497
528053
516289
861528
814787
1471447
534987
454308
1218972
29100
336480
1074585
1191021
606118
161253
95402
1317434
1757152
935709
1411192
1149124
40183
168224
440542
756407
721486
1189516
1683619
275018
67157
401493
304691
607558
684747
775677
358345
1718093
814017
674985
1631603
1026058
257184
1282610
511068
67506
509118
1135342
760486
365627
1308750
345505
666140
1105263
320223
453712
1295639
438417
1431933
1450236
968641
1374175
1585647
1037132
727612
1063132
624707
184109
199032
1078737
955999
768521
1098869
