734292
722384
215249
726430
682350
690081
766434
756069
19639
855398
879946
805582
792617
621474
740124
234475
670393
760303
742101
820170
767908
850185
635414
113616
15741
992078
1159608
1380150
1417357
1299712
1171939
1406082
894636
1093483
1288006
995939
1031258
1350758
1098315
1280258
1412733
1225216
1004204
1398175
965115
1078233
1183545
1043770
1183076
890854
920820
1597496
31964
944194
1597788
1091090
582546
1518513
670064
1283251
1306242
246957
1590847
906080
737707
97799
153475
1264899
1171251
31963
376868
650399
1446270
325009
839336
1431962
930416
1095243
674860
815598
1285295
746873
1119360
714124
1483804
1150386
1273397
60002
458628
1238029
977305
1509642
42337
172492
1040616
1380919
977306
1356345
1457685
164849
