1407818
1178180
1097112
77717
1739215
1647409
1254317
1737912
354043
1623835
219738
1159969
1287710
1153313
1130691
1120270
953099
1377197
1417180
681839
1522242
777234
1280714
1474606
975594
1305644
1585617
1278423
1718888
371959
308057
1708812
877285
1126450
262052
1005651
1279069
174549
1392880
1534726
1399449
1308223
443531
1319864
1366380
1247265
1563187
1396492
1276691
1063547
47070
1115993
1639553
777088
120968
1125370
1744832
1664276
1355666
937170
20495
1056465
1722666
1582998
359510
456050
872650
1537142
1135812
323758
740671
1666403
1615925
1411291
1155242
578381
829475
1485298
1315089
1746325
689811
1529161
411555
711677
1072319
1190208
981247
1186167
1060875
1409143
1203854
915892
1711987
520210
174627
998269
1299212
1381867
1599864
1552954
