59867
34528
81117
23688
70782
76954
68412
70070
63645
28919
11487
42
79031
52574
23783
3242
31096
40612
86617
81347
40164
5626
21468
77447
58363
85663
44614
45056
45541
32392
73524
9891
75856
10558
85968
29277
59654
47107
80269
18277
54389
12674
62737
7728
15547
56211
64650
14374
4388
55817
73580
71368
6014
55921
58721
32278
84118
1544
80945
66496
76764
45102
58317
28483
27453
21831
9565
56745
52644
61938
45190
53937
38649
28303
22614
22856
38594
48321
61650
14454
48409
58597
62355
31737
59090
71487
14590
19823
61829
12920
58572
34948
77220
76175
6914
14670
62249
62653
43603
62151
