12565
32268
655
29082
48128
13656
486
21128
4237
73769
3180
33924
1151
55834
80665
347
72867
6905
3364
20960
18214
31616
75611
29583
3993
8534
37613
70304
9691
43869
27690
33726
33153
17964
6567
15920
3403
31460
26903
36039
46843
64382
4962
11778
76865
7045
2074
21069
12161
6723
67315
9692
53442
73601
33942
22737
21084
45806
64298
39543
33785
67290
18336
31682
23666
4408
8942
14331
63459
14331
6534
64398
8501
42251
28679
32604
53105
9901
8867
4305
20898
48077
36106
46656
1637
47952
2241
46423
2607
10445
81643
12821
14331
3909
1182
1907
19127
46640
42213
6782
