14700
26339
39349
33587
26386
16804
23173
38792
17522
26516
18252
5109
15972
12703
21947
40455
29632
37026
26688
17874
32167
26290
35376
11147
14221
7054
14751
39410
19239
26703
20824
26526
11619
19394
19913
33325
32830
39960
28466
9268
24031
7026
11330
35288
15057
28292
31647
40413
21895
18589
17587
12875
39260
11132
17261
13017
14133
26990
11301
26157
13040
25549
13923
16205
38938
29191
10144
28273
25991
33530
30045
10495
37174
36779
40365
9249
21435
28979
9113
37566
8258
18812
9666
4948
25738
18908
12450
31505
6267
15338
17414
13068
36354
24609
24197
31190
11195
25983
18997
31786
