21797
25277
32054
74119
78437
1662
82299
18049
13215
79129
87169
71058
84932
40362
43169
74398
82247
79169
84859
9040
77756
23958
80927
84215
73416
19538
7363
81842
86884
73832
77959
79359
32313
70673
83360
73106
5759
28549
23565
77418
71158
78085
76056
85893
75140
73586
21421
86162
80889
77566
74764
1655
43123
83244
71831
71336
74785
2672
80427
25037
12650
2359
70647
84267
85630
82106
85166
73803
76043
78251
81404
77281
83586
86032
30006
7509
3789
83243
74638
51296
4687
77551
85164
85436
19158
86383
84617
28557
74222
38181
85732
32060
82665
86122
79721
51341
41187
37279
71774
73149
