40404
38312
40637
26589
28986
43880
7465
20561
34695
11048
35821
10505
47338
39265
22667
44397
42122
14777
25796
28261
22776
28441
42460
7021
40215
68165
63654
54782
83972
67337
80199
73405
63798
61008
60150
58446
79894
82666
71893
77357
63354
51129
67170
60888
57034
72061
74112
67441
83439
57900
13828
23763
59439
59353
10672
10586
43220
24452
6148
81177
33272
13993
23685
21709
57264
28935
20648
42923
86045
24431
76433
47701
59383
58081
85416
43356
32625
10292
20022
10244
34204
73883
37809
4964
17648
109
39631
9176
31868
73301
15834
72791
87225
8748
23012
18400
75215
70781
63201
2179
