65279
48048
60798
53598
58030
66054
41000
46084
64480
45311
41493
63438
66888
64540
61157
68017
46380
56241
60502
58044
43879
57757
44911
69455
59910
49176
66840
44305
55395
60882
53647
50312
68921
44666
63922
56457
70047
65147
61630
64231
69498
63938
56875
66578
57180
47856
64885
63936
63799
54239
51156
67588
42135
55526
66602
61313
64554
62506
65634
49836
53200
49110
59804
51492
52959
53272
68138
52764
47756
59829
47094
46556
53326
63647
42623
40929
41106
67596
64442
65121
51152
44839
61306
52904
60465
57191
44146
54888
49835
69406
64369
63570
47990
52984
44980
60448
66411
42503
43299
42841
