37964
54003
49988
4364
15366
45213
28178
34900
51512
39579
22258
5601
44343
14172
38526
16780
62772
59455
57920
58409
32634
10278
43472
2615
41076
5774
22793
12531
29471
33719
48497
50312
54993
63397
28203
52548
37491
22511
54395
18017
47759
48445
56674
57425
45623
15438
55322
12998
63707
24075
61967
22117
17026
33341
6729
16357
35398
58578
24303
32422
9527
56785
50451
44366
35657
47601
16762
54373
55113
46090
38269
29203
9524
14766
17284
48245
25004
39334
52059
59431
33058
26040
11312
30106
27650
55500
36709
46946
43886
46379
47130
30420
18000
17940
56226
33198
53216
48116
54974
10859
