52161
38755
45940
18079
46620
11258
61493
39822
53496
11187
61681
44303
37364
39819
54711
14630
23346
61838
31630
5201
54697
31533
41578
45046
39220
39844
8360
17060
28374
31098
34419
62230
18584
58607
48510
17616
42938
19745
45905
33511
22805
7551
29805
8296
42203
43346
15832
21791
6072
35545
20601
54418
49758
11580
53064
16835
43769
32206
52239
52600
47130
10964
29173
51153
40704
59227
56419
62573
63496
41128
53566
26068
41542
41964
27230
36061
63856
33053
44514
63563
22843
49344
31098
55528
50911
63210
40620
29735
36487
22151
42870
38286
54373
52234
18862
31534
18160
40479
52643
20732
