38618
13827
21431
39815
41089
52960
61500
35527
24186
10387
57498
53850
40612
56314
38547
40332
63532
13748
57694
58636
46613
34030
37131
216
28675
29987
32759
52749
56784
33878
49556
46690
28328
37578
14490
20818
38878
53421
48548
15914
18573
50768
40604
28648
16135
40707
52044
3389
40936
59122
39638
54170
50334
35887
26521
8482
18898
52396
49437
40047
41030
47343
14833
55675
29069
46608
39233
17906
50722
33641
56037
38357
471
11141
24684
12090
39855
33683
38895
43375
57367
59505
33315
50458
12126
49639
7679
48918
54440
12086
6081
46290
26759
42129
53687
8648
33894
16303
46614
46690
