57817
12090
21674
3664
59573
31132
27040
34095
55881
51196
30864
45457
47367
55741
38134
61327
18289
32848
31772
49385
35395
15990
42719
58223
27065
28593
40124
23177
45263
51938
30261
53378
31659
10970
52194
9416
57454
32635
15801
45935
44314
54006
46259
47028
63180
45402
31554
23613
57817
55698
16696
43583
43628
44408
29570
36922
28221
45236
28109
33547
22686
51673
63215
23777
54147
11400
58266
3040
26277
25191
5652
25825
51981
35988
59868
47513
42780
29325
27791
55303
61067
50398
34639
33174
49967
25630
28621
50963
31952
61526
60072
24144
45471
34348
5282
54946
29174
18213
18289
3542
