14364
45474
36689
47342
44265
46210
26503
52471
18513
29257
13143
15589
36222
28753
59500
47001
55497
37872
19318
39542
50211
51307
61950
28516
18969
14182
14609
49709
23200
54189
32248
34090
2633
54937
52960
51864
55144
23177
9575
46871
47319
20368
5304
26032
59833
11991
19236
46226
27052
27336
37931
14829
26620
28393
46429
18770
11885
11448
6560
43053
34400
14384
760
5947
54243
28856
14774
29820
39637
32517
9915
18485
47430
7171
17755
15666
5789
7571
10161
3217
20401
28452
13108
699
4836
609
15617
11864
2865
17874
24368
20493
31375
1385
24116
14316
1181
34963
15191
533
