18729
47127
34901
49339
53232
58312
28640
30605
844
52749
16104
30449
22260
44748
57891
5432
29982
30013
30919
1480
14840
23703
26898
6243
11495
33982
5293
2532
46218
23991
9514
11185
41954
35915
21113
43382
41239
26160
35479
21392
41650
19918
2825
61605
19398
62866
31184
550
39130
41171
12224
15300
30486
57333
251
40649
29113
54168
25826
12779
35560
8661
8726
34038
36903
49913
48390
38818
38625
37641
39396
55690
62346
2901
22456
41075
40134
10357
3426
40502
28002
29084
16525
17341
45485
21278
32456
48032
37521
38879
25060
32137
45816
45607
19873
31655
20803
50158
29781
40990
