46948
41284
57041
9111
44442
23712
10275
50839
5989
55726
47882
6495
24254
10439
60488
43207
41179
54441
53735
24537
16138
50797
60734
53412
8044
29678
40336
21376
51643
41181
34740
38050
23200
43391
52201
28663
61141
24417
52473
26876
34956
52978
2963
50651
26376
25119
42993
58440
38178
52510
38282
31303
28492
60390
15938
49265
22208
12184
8187
31484
38599
7090
29114
14867
16918
49194
16945
42734
745
56323
3003
11700
25678
27441
11223
28551
56270
27542
41707
57784
41502
14126
58758
53788
53057
36229
20639
33944
55174
55882
40784
3275
24170
49182
39893
4808
23858
55808
51611
41241
