6364
52419
11765
19014
5782
46941
40574
40790
20510
16500
29433
34367
2033
7925
42989
32006
11048
11968
36977
21756
40718
22245
5853
2662
36303
4343
15730
19697
34716
18081
47947
10723
15816
5635
31526
34570
17264
37703
37500
866
31335
22404
8528
16416
48847
44244
18743
9220
9238
32004
25054
30766
33696
11349
15233
38939
7233
52807
8094
11853
14800
2014
35176
12561
24792
35087
11887
34069
24047
11238
8255
8083
35991
9233
43983
46872
1547
41899
4313
15583
12137
1175
17110
8917
28044
28717
32087
3505
16314
7323
23341
4036
29619
12213
13713
36048
31432
9977
43190
33301
