55276
39866
26544
20446
28480
24091
12310
32795
11729
42515
32349
5751
25054
30032
39909
1344
901
46672
41699
34461
54231
15625
32774
41406
14809
14497
16921
3751
44499
46113
24956
26165
47603
33622
10906
49082
28080
3448
17396
31788
23954
38853
40862
12887
43078
50091
18977
22575
30967
46837
35233
6580
10446
22344
60646
46848
40471
6012
7749
42340
56977
19353
45481
51024
2006
50354
38108
59081
40574
16417
35720
26314
46566
6190
43043
3645
17396
27364
31463
5328
22397
15590
2046
33943
10752
31174
22073
18073
4754
10642
1508
27074
13699
8493
14938
22740
5495
7093
32520
19828
