16173
19006
24121
14358
14217
11292
5281
1941
24756
43563
5027
7601
21135
29321
10103
32473
11602
16576
28223
6060
17984
10432
17314
1207
9041
7310
2470
24643
6938
4424
1286
14966
26490
26954
1229
10999
6682
24113
14695
19879
16913
23349
17657
4447
1766
13081
2336
9838
17647
27350
9211
16019
30835
13410
12711
4896
21257
9704
24228
12036
6785
2500
11787
18682
1934
24368
13681
5769
19037
1414
29708
22277
18906
5271
7660
15244
18572
12841
20939
8673
11636
13285
15177
2665
17397
12711
25333
8395
776
6266
29605
17047
1195
31454
25158
1444
21439
15169
26130
42022
