56045
59691
15993
39687
33632
25917
44015
48305
47250
44542
48101
47653
49766
26783
44074
22448
48850
56581
54067
42870
33768
28698
58171
63882
21593
31004
37675
45428
53072
3771
38303
16645
58881
43583
45222
29882
21650
15366
35698
54337
20584
63408
39927
56152
26155
37109
61547
36625
30349
27576
57556
63856
41573
27804
45992
18547
4952
61171
49551
54253
62092
44492
57266
37809
39984
44777
19745
47660
1164
41150
39974
25003
46573
28836
42790
24829
21463
45639
10725
40168
25395
58658
58318
50900
18812
44903
54938
22536
59771
1077
39015
38904
42810
34864
55407
61766
28128
59640
13503
54492
