58249
53099
21776
17014
54524
2092
42155
45422
43773
28770
44609
18225
62086
47575
30038
51488
50053
33141
23400
62814
63293
2120
24162
57166
28666
24089
31840
31968
21998
18000
11377
16240
21678
42380
21045
10975
43138
34056
11293
20377
30259
29885
9901
48268
32179
21318
29667
17981
18471
20610
56141
13813
6259
21727
29352
50105
23420
51738
15007
41205
33024
33587
46714
60913
3456
53413
32076
52216
59826
55329
1073
11081
28965
16927
3932
41285
122
30601
6476
58007
49976
30058
42221
2035
30717
51996
3187
32895
1311
30562
32635
2088
4117
2610
5373
353
56916
5874
15773
36615
