45294
31212
29008
51143
40546
4277
6335
44355
29597
16097
58925
14993
4493
30769
15208
45219
397
4302
35638
4673
48443
30553
302
2644
43125
40546
59706
9939
752
4201
12539
508
1050
31064
16748
14634
6224
31294
47466
18397
1753
46355
44994
49476
45713
1314
10835
30487
44394
32072
15274
14673
16619
61135
47480
16094
2365
42327
54125
5137
467
17449
14627
18496
30445
18370
20954
4653
15208
33846
3662
1269
4176
807
321
43572
14448
49880
35165
10465
2838
3470
5590
30936
1707
2386
50073
51809
5618
13815
806
49735
50277
4587
38232
48448
1049
2404
2674
28662
