54394
14966
33849
11577
33838
61457
4758
52653
42236
13478
59872
9944
11259
58019
32297
55999
34360
11489
11280
56564
3856
57257
52104
33039
21481
32875
57449
44347
33705
32708
33298
52243
22962
32952
43594
33228
11150
18154
59485
33162
62423
43601
62242
42277
3123
4549
59650
5301
44319
34422
45460
33039
58612
59093
31808
55228
4917
46920
61835
62646
35022
15883
31674
33952
756
32979
32976
54674
31512
54112
49573
51040
59427
24008
55019
33746
62399
34272
24789
15238
38388
33021
1087
21880
6099
4031
38384
54404
22911
29532
32345
33936
56577
32452
33710
43917
23976
42030
60617
24174
