41654
43222
34236
40797
30214
17767
552
42480
49075
2727
14542
23867
19265
29465
55607
33306
19538
32249
17283
30132
41691
51452
44136
10769
57375
56626
42573
2133
52536
52694
42632
5753
11046
52895
44040
41308
52895
44103
5092
41014
29807
59941
44332
46248
11675
33306
55455
29819
56866
54815
42456
16301
29771
57069
23527
4842
52830
55261
5457
28773
31060
29987
32219
41956
16248
2919
53598
59769
29824
47107
21008
51197
46891
55654
14529
52003
24129
2603
57540
59963
55654
33638
16117
1339
13643
37578
5215
57934
10775
13885
4692
22336
23402
36378
54248
20503
41094
31047
18788
47530
