62778
17836
13629
21372
3728
18556
6662
16266
11358
29023
6480
60324
4832
13571
60680
9996
24728
63165
61166
22208
30919
63057
720
62699
18394
21095
10910
23982
876
11044
17671
4579
18977
21264
19843
21943
62492
20487
60737
13752
18706
6626
5799
22085
14562
30028
24315
11226
62538
24521
24776
22994
29909
60788
24408
18072
21225
29926
3977
18377
9887
20511
21561
28761
3573
3679
16205
5737
22844
16729
11507
5194
17488
18551
21592
28964
10916
18703
62734
3879
17463
30368
29847
16109
60186
18744
21994
15850
18562
28544
61626
24590
11298
17993
18671
17494
14818
63027
21179
60986
