11569
51849
33374
6845
46813
32714
44369
3231
33344
59891
33229
43248
18148
17504
32049
49883
44891
34446
38223
31350
33397
6104
15022
29159
47985
15408
52592
42556
50095
59659
33002
6695
21883
62085
3188
423
3396
24318
24273
42647
21896
42057
58000
56245
33015
32035
45484
49558
50903
58781
11361
55005
26552
18291
19975
49678
10784
46854
9476
5986
44831
20568
52966
41285
44069
3944
48921
48384
48557
51642
18449
23808
1073
43852
3152
21871
61018
33220
49859
44203
20618
5986
15221
39821
19919
4734
46872
54471
41447
54085
50476
21004
22778
56792
32105
61822
41693
52602
49185
3876
