1656
1859
1555
1917
1748
1603
1459
1656
1790
1574
1858
1718
1674
1920
1887
1562
1443
1859
1702
1772
1522
1522
1824
1887
1585
1707
1723
1674
1585
1727
1685
1908
1772
1790
1562
1685
1437
1585
1674
1702
1790
1748
1437
1685
1664
1439
1664
1790
1718
1712
1898
1908
1562
1563
1664
1917
1555
1434
1439
1772
1562
1437
1731
1858
1482
1426
1522
1555
1743
1426
1479
1913
1555
1661
1855
1459
1898
1563
1585
1453
1772
1479
1434
1920
1707
1643
1718
1437
1707
1603
1459
1453
1453
1685
1437
1913
1482
1730
1674
1908
