1741
1738
1601
1818
1802
1430
1618
1486
1741
1471
1592
1618
1892
1836
1818
1865
1427
1637
1836
1831
1435
1632
1751
1836
1892
1486
1428
1910
1744
1504
1475
1818
1525
1809
1852
1647
1441
1741
1888
1831
1475
1807
1429
1524
1578
1592
1465
1737
1741
1880
1831
1892
1852
1836
1486
1805
1738
1805
1525
1618
1888
1630
1637
1836
1865
1578
1592
1511
1475
1805
1888
1880
1524
1427
1647
1809
1805
1441
1744
1429
1578
1486
1892
1910
1738
1910
1805
1471
1525
1601
1525
1471
1430
1504
1805
1715
1741
1803
1429
1427
