1749
1822
1861
1700
1796
1822
1697
1838
1916
1912
1709
1753
1775
1916
1695
1916
1822
1697
1648
1684
1709
1764
1767
1551
1572
1579
1579
1833
1911
1889
1700
1792
1764
1704
1911
1558
1753
1838
1552
1889
1838
1764
1695
1732
1796
1697
1613
1628
1902
1838
1749
1911
1795
1778
1798
1613
1767
1752
1708
1822
1700
1673
1704
1761
1665
1625
1902
1861
1572
1704
1628
1572
1912
1558
1732
1673
1732
1833
1767
1911
1787
1778
1851
1708
1911
1709
1558
1822
1752
1579
1673
1798
1922
1665
1916
1795
1787
1551
1796
1760
