1503
1641
1666
1789
1763
1604
1698
1782
1468
1668
1770
1698
1532
1765
1770
1468
1641
1675
1533
1675
1789
1604
1745
1909
1567
1594
1780
1502
1468
1503
1594
1650
1564
1604
1457
1533
1604
1780
1502
1549
1564
1452
1714
1567
1698
1532
1520
1567
1782
1567
1532
1650
1797
1720
1500
1458
1763
1501
1564
1498
1533
1498
1477
1714
1675
1745
1698
1641
1520
1675
1774
1782
1774
1668
1533
1696
1483
1567
1503
1711
1770
1560
1770
1688
1502
1594
1501
1483
1745
1503
1500
1763
1452
1763
1765
1705
1452
1909
1675
1780
