1475
1630
1744
1471
1877
1435
1807
1578
1715
1429
1435
1800
1592
1750
1430
1738
1637
1618
1737
1738
1592
1831
1630
1525
1504
1855
1843
1857
1815
1854
1855
1872
1727
1731
1731
1906
1548
1847
1835
1546
1815
1431
1919
1885
1570
1570
1801
1820
1555
1712
1702
1858
1664
1907
1483
1920
1664
1495
1501
1766
1789
1468
1458
1560
1759
1656
1443
1887
1520
1674
1789
1774
1482
1759
1549
1732
1760
1890
1861
1673
1710
1767
1708
1673
1753
1710
1722
1767
1767
1889
1909
1916
1675
1710
1552
1822
1708
1696
1613
1798
