1863
1815
1545
1872
1489
1739
1800
1872
1866
1461
1521
1616
1735
1800
1616
1461
1800
1854
1539
1606
1866
1883
1516
1897
1877
1682
1866
1857
1519
1451
1616
1906
1820
1866
1548
1570
1649
1872
1682
1681
1682
1713
1713
1545
1877
1687
1821
1779
1519
1847
1906
1815
1883
1706
1516
1820
1545
1546
1521
1706
1821
1821
1680
1739
1521
1843
1580
1616
1779
1528
1713
1854
1815
1779
1451
1847
1706
1653
1779
1653
1919
1461
1570
1451
1779
1919
1854
1431
1735
1680
1545
1431
1821
1779
1580
1854
1739
1663
1820
1821
