1713
1739
1865
1913
1603
1880
1888
1877
1770
1609
1819
1872
1906
1682
1521
1760
1441
1735
1910
1892
1753
1637
1818
1511
1632
1779
1617
1774
1606
1428
1772
1898
1504
1604
1809
1798
1815
1709
1641
1451
1895
1797
1648
1427
1461
1546
1668
1741
1835
1562
1468
1501
1520
1759
1887
1866
1752
1471
1663
1767
1685
1532
1500
1578
1764
1459
1718
1522
1705
1711
1792
1431
1847
1857
1674
1838
1916
1722
1533
1851
1757
1698
1443
1458
1837
1768
1628
1695
1822
1558
1675
1666
1555
1719
1704
1482
1665
1426
1911
1563
