168139
299879
451029
3252
101762
76315
5391
454337
75527
32536
69238
15951
300893
44123
49433
189207
402825
389188
77205
80608
396669
328864
187719
238449
277482
224707
403564
215038
171136
115065
106657
257275
79449
16303
106522
323817
445132
421220
124690
2650
179547
10131
261145
67505
325648
393786
161175
83313
9730
401906
396078
387168
426861
102077
262833
316137
448423
346369
334848
51179
18893
90578
408623
67315
388428
66916
127405
92885
38712
25600
58783
165848
360158
5217
393599
312129
16785
199398
28333
69322
14148
398265
396
250169
194001
257224
43554
412694
27772
146846
16309
75089
35457
185213
42866
35168
455814
398215
92162
57118
