194167
170277
231302
184987
286349
246771
227182
232802
254940
189786
187750
174174
187906
239542
240616
164080
167269
246256
270422
238576
178698
187690
228344
268073
162604
236484
246409
213287
296438
177460
294817
160222
187692
197530
185331
176292
281430
219524
216579
239387
247618
211330
221147
242379
287753
267634
214814
263633
183853
290811
171363
202349
181231
239016
171203
183945
176206
225324
204303
280458
241868
202138
280780
236509
237634
167968
220255
189734
195107
242983
235918
280118
291002
262971
193341
250756
233145
246236
216825
255453
240130
227367
263903
228492
272308
274047
250890
287204
168690
261203
270890
249918
269340
223414
291744
209520
230920
215061
205893
263969
