263963
135601
161936
441527
68015
56437
125745
371942
266651
349594
356570
353476
234733
238368
447695
27523
92504
186158
200253
65565
127259
12746
288318
143591
428257
355740
15763
90006
19640
452169
447715
435112
214563
226627
325502
437928
281691
90006
281275
187387
448722
155471
171049
194909
49831
129138
333165
238986
328391
66395
308239
93488
167488
123360
234733
168126
14243
364968
258089
117306
330797
334046
42162
180116
91310
367346
108096
23861
85386
437371
318999
50130
83869
30779
364854
229464
259204
205228
20893
219754
434578
319756
322876
86339
452232
90061
253245
84852
452416
55517
315603
441868
433122
356747
119909
106694
350701
225974
224905
447435
