157828
73103
20510
151462
103475
142566
148812
68966
44577
58541
25267
95732
145230
40497
42812
20351
147740
57747
115140
15941
19517
60123
31229
81282
51978
146505
142763
24968
107433
116416
14953
133215
24258
64553
124617
122808
45138
113039
26888
113767
36993
79965
45789
19602
114126
112743
68776
129665
1920
49743
12295
52700
104174
41819
154096
19794
25961
136818
42742
155797
120791
85179
128928
139914
141263
120789
130115
54814
100978
24115
159556
131616
99602
75663
146572
80620
22765
83880
47019
55755
126415
57168
130860
97696
93782
124946
113539
142749
129197
20890
138716
88744
130256
134891
96285
139054
94666
93687
30604
30389
