31623
54407
93938
26931
141779
1406
75410
142665
175998
93994
29590
115310
128451
77868
30680
105959
126153
172690
81545
70149
121889
125876
93473
4533
97809
289326
330802
245247
218584
283870
222103
247368
303977
294392
251310
359290
286469
308445
297308
253006
360582
322413
344035
284853
208662
337787
206630
301779
309725
249878
364855
416582
362270
411419
419540
412635
210111
409527
89403
402100
154925
369945
58505
447678
44641
372844
74844
403385
215787
437294
15137
232342
415547
41402
43475
35932
208015
257101
50249
64955
91
299285
306545
51310
45867
335623
328742
337488
116494
6698
1238
3798
36208
33784
430740
13899
57269
130502
250975
57112
