327438
346963
385827
389023
316084
303269
354932
319630
314892
425057
353689
310627
379462
322358
412164
355814
388973
336489
301803
413795
338128
369290
324774
326343
302354
334846
337256
320118
415842
308910
373555
340296
383192
332484
302522
296809
363214
360545
319672
381225
357741
376455
420076
334613
401967
404461
393258
364261
313679
423275
375014
379212
364868
402932
408916
394503
310548
343349
418438
323319
355513
364446
366805
311669
425140
372350
311714
360516
305795
359022
314614
390664
308306
331553
298268
307622
308863
419750
399273
350234
415139
347284
302524
376824
323050
308436
368759
361313
355025
359596
387432
307580
321179
327324
346947
318371
402802
385899
381932
305881
